0 0 0 0
0 0 0 0
0 0 0 0
0 0 0 0
0 0 0 0
0 1 0 0
670 0.166021035584538 0.986122211362992 0
670 -0.109966984346586 0.663801905510129 0.739779894694929
670 0.901242247736657 -0.419113115207296 -0.110030030245444 
670 -0.169023062954173 -0.601083223878898 0.781108290930867 
670 -0.814711029327153 -0.385863013889911 0.432846015581158 
670 0.656034972800463 0.366019984824629 0.660035972634579 
670 0.582240950764834 0.800330932322819 0.143058987902718 
670 0.900188857785475 0.259053959073882 0.35007294469443 
670 0.693299274570486 -0.698301276551452 0.178077070524678 
670 0.356853020673567 -0.923619053508024 -0.139942008107261 
670 0.5431410132836 -0.488126011938098 -0.683177016708461 
670 -0.525144171862386 -0.396109129633468 0.753207246499916 
670 -0.639216426303165 0.689233459660286 0.341115227494938 
670 -0.329966097576599 -0.012999003844027 -0.943903279128287 
670 -0.524029054233342 -0.783043081039482 0.335018034672023 
670 0.608760166496841 -0.0649740177704938 -0.790689216254717 
670 0.220054941778971 -0.23305893833844 -0.947237749384606 
670 -0.00399900001786153 -0.909845004063823 -0.41492900185328 
670 -0.510701220338259 0.626633270356283 -0.588655253970949 
670 0.413836899071193 0.736708820327423 0.534788869572765 
670 -0.678930948983094 0.138985989556176 -0.720926945827389 
670 0.883948749254272 -0.29598291603987 0.36197889731909 
670 0.261995019342438 0.431992031892893 0.862984063711958 
670 0.0879820327218878 0.184962068790273 -0.978799364030723 
670 0.293957983117846 -0.906868947918065 0.301955982658517 
670 0.887044830321646 -0.0890039829748747 -0.45302291334352 
670 0.256977069376366 -0.442960119586403 0.858923231884395 
670 0.0859930132036262 0.866928133110757 -0.490959075383335 
670 0.863254672276217 0.504148808606243 -0.0250069905064104